m

1111161111, 1,1,11,11,11-,1,111, 11.

111111111111111111111),11111111111,1111111111111,1,11,
11, 111111 111111,11,17,10111111111,1111,1,11111111
1111111,11,11,11.

cml, 1111111 1111111111 111 (1111111111, G, 1, 11.

11111111(111111111,1,1,71,11,11

(mumma.

(1111111111 mmmmm 111111 1111111,1,1,11,1111
11,1,11,11,11,1111111111111111111,1,111,1

α111,111η11111111111111111,11,11,11.

cmo 0111111111, quom, 111111 111 11111111 1111,

1, 71.
11111111(111111111),1111111111111111111,0,17.
11111111,ρ11111111111111,1,111,11.
(1111111111111111111111111111111111111,111,11,11.
(nmmum). 11,,11,11, A, 11, 71.
11111,1,11,11,11,11,1111111111,11.·
(1111111111111111111111111111111111111 1111110111,
1,1111,11,111111111111111111,11111111111111111111,
.1,11,11,1111111111,111, 17.
α111111(111111111),1111111111111111111 1111111 11 111, 1,
111,11,111111111111,11,11 1111111111111111111,11,
11,11,71,11111111611111111,11,11,71,111111111111
11 Tmo, 71, 111 11111111 111 71111111, 71, 11111 11Ἰ
11111111,71,11111111111111111111111,71,111111111111-
“ 11111111,11,111111111111111(1111111,1,11,71,1111111’111111
11111111,11,11111111111111111111111,11,1,111111111
mffioulmlm), chevalier 1111111, 11 11111 11111111
1111111111111111,11,11, 11.
1111111111 11111111,1111111111 1111111 11 111,1,11,11,
111111 de 1111111111111 111111 Ausus, 11, 11111111 1111111-
. 1111 1111111111 111111111111, 71.

cun (111111 111111), 1111111111 perpetua 11 premier 11111
1111, 111 1111111111111111,111111116111111111711,1,,1,

1,111 11111111111111111111611,1, 111111 1111 11111111 (11111
11111111,11, 111111111111111111111111111111,11,11,
1111111 parentii 11 caton 11 0111111,11,11,111131111
1111111111111 11 1111111111 111111 1111111111, 1.·1, 11 111
1111611111111111, 11, 11, 1111111 1111111111,11, 11,
1111111111 plus 111111111111111, 1111,1, 1111111 caton,
111,11,1111’111111111111116111111,(1,11,1111111611
1111111111 1161111117,11111111111111111111111111111111
111 111111 1111111111, Ac, 11, 111111111111111, 0, 17,
11, 111111 1111111111,11,]11111111111111 111111,11,111
1111111111,11,1111111111111111111,11,1,11.11,111111111
11111 une 111 11 Τί1111, 11, 11 1111111111, 111, 17.

11111(6111111,1111111111111111111,1111111111111111,
1111111 11111111111111111111, 11 111 711, A, 1,1, 11, 1,
111111111111111111,111,11,1111111.1111,11,11111111
1111111111111 11111111, 111 111 1111111111 mars (71
1111111) 717, A, 1, 3.

11111 (111111), 1111111 1111111111, 1111 117, 1111111111
(1111111, 1111111 1111111, mort 11 1111111111 11 11111711, A,
1, 1,(311111111111, 111, 11, 111111 11 1111111, 11, 11.

81111 (Calos), 111 1111111111,11111111111 (11111111, 1111 de
Germanicus 1111111111111, 1111 Aulium 1111 11111 711,
1111111 111111111711, A, 1, 1, 11111 111 11111 1111 sumum,
11 , 1111111111 111 legions, 11, 1111111111 11111111111111,
11,(11, 11111111 111111111111111 11111, 1, 1, 1111 111-
1111111, 11, 1, 111111 Claudia, 11, 11,,111 111111, 1111,
11, 11111111,111,71,11,1,11, 11, 111, 1111 (11111111
111111 11111111111111111111111111,11, 1,1,111.,1111111111
1111111111 111111 111 (1111111111, 11, 11, G, 17, 11111-
factm, 11, 11, 11.

11111,1111111111111111,11, 1,11,11,11, 11,11,10, 11-
11111 111111111111,11,1·1,1111 1111111, 111, 11, pris 111
1)(11111111,11, 11111’11,111111,11, 11, 111 Titus, 1, 11.

1111111, 1111111 11111 (1111111111, 11,11,71.

011111111111111111111, 1111111111 1111111111 1111111, A, 111,
1, 1111, 17.

emmaus 1111111, 11 1111111111 1111111111 1111 111111, A,
111, 1.

emamus 11111, consul en 111, sous 11 nom 1111111111,
1,.111,11, 1111111 1111111111111111111111, 111, 1, sou
11111111 1111 0111111111, 17,1111111111, (1111111 punit 111
un 11111111,11,11.

111111,111111111611111111 (111111111111 ), A, 1, 11.

11111111111,,11111111111 1111111 771, accuse· 11 111·

, 11111111, A, 111, 111 1111111111, 711

11111 11111111

emmam, 1111111 1111111-11111,1,11,11
0111111111(1111111),1,11,11.

(11111111. vomebam

11111111 1111111,11111111·11111111111.1,11,11.

cm (1111111),1,.111,11.

111111111111111(01111),111111ω1,111111 n m 1η
1111,1,111,11,1111110.11111υ,11,7,1111111,

(111111111111,111111111111111111,1,11,ι,ὰ
enucleandum.

cnam· 11111111,111111111 em 1111111111...

,11,11.

emmerammum 111, Ι,11, 11.

01111111(11111110111111111,1111εω771,1,11,11.

(intentummffldelndmhfflnm

&mmmmm
“mm (0111111111111111111111 mom

ο1111111111111111,1111111111ωμ11111,1,11,ι
(11.1,1111111111111111111111111-,111

0111111111111,111111, A, 111, n.

1111111111.1.11111.11.1111111111.1.1111.11
111,11,1111111111111111111 1111111, umam

1111111111, malama, mmmm

cnm 111111,.1,1.,11,111111ὥ,11,1.11,η“
11’111111111111,1,1111, 11, 11, 11, mmmmm,
1111111111 11111111, A, 1,1, du Gen-,mh
1111111111,111, 17.

(11111111111111,1,.11,11,11 mmmm
11,11,11 1111111111,111,71,111171111,11171’11,Η, ¹
11,11,11,11,11,1,1,,11,11,1,1.

011111111,11111111117111111,Δ,11,11ι ¹

0111111111 (1111111111), 111111 dol· 1111111111,1.1. 1

(11111111,1111111111611111111, Δ,1,η,ο1,1,17.1.
11,11,1111,11,11,11,71,1,11,ῦ,ι

0111111111,1111ι1111111 1111111111, A, 1,11,11,1,1.1
111111 111 (1111111111, 17, 1111111111111 m, 111·
1111111111( 1111111111111,11, 11,.111111 &UA
111,11,1111,11,1,11,11,17,1ῗ,11

0111111111111111111,1111111111111111 111111ᾱιΙ,1,1.
1111111 11111111 11111111 111111111,11,1.11;11
,11111 11111111,1,11,11,11111 1111111111 «ἂι.
11, 1111111111 gouvemerl'tmte, 111,ο.

(31111111, 1111111111 111111 11111111’1111,1111111,1,11,1.·,111
1111111 1111111111 consulum, xv, 7, 11 11111111, G, 1,
1111111 111 111 (1111111111 pour 11111111 1111111111.
11111111 1111111111, A, 111, 11.

011111111111111111, G, 1111, 11, 11111111, imme&
11 ue, ,11,11.

1111111111, 11111 11 111111 1111111, A, 11, 11.

0111111111, 1111111111 11111111 11 Rex-on, A, 11, 11

(2111111111111111111111111, A, 11, 11.

(111111111111111111111111, A, 11, 11.

(1111111 (Marcus 1111111), tu& 11 111-1111111111111
111,1,11,11,111111111111111.0. 11,11,11,11,1,11
11, 11, 11, (1111111111 111 auteur, 11.

111.1111,1111111,1,11,11, ewa, ω,111,1,11,11.1’.
111,11,111,11,1111,11.

0111111111, procuramur du 11111111 111, A, 11, 11.

01111111,1111111111(ὶ111111111, 11, Amnem.

emen (1111, 111111 ,111 1111111 unum Auum, Am
11 (11111111 111,Α,11.1,.1111.1ὶ;111.11.

1311111111 111111, 1111111 designa 111 111, A. 111, 11, 11
1, 111 11111111111111111, 17.

(3111111111, ,1111111’11111111(Τ111111), Α,11,11.

(11111,Α,1,1,11,111,11,11.

111111, 111 111 111)τ1111,11,11,1;ωῃ pm, 1111

0111111111), A, 11, 11, 1111111111 111111,11,11,11,1.
1111111111111111).1,.ιι,11,1,1111111
11, 1111, 1111.

(11111 (pays 11)(11111),1,111, 71.

01111111111111 11), A, 111, 1, 11111111 11 111111,11,11

01111101111111,111111111 11111, 11 mon, 11, 11.

111111101111111111 11111111,11 1111 111111,111111111111“.
1111111, 1, 11,11,11, 111111111 111111 111 Am.

11,17,11,111111111111 tomafflgmugkfflyh
1111111111,11,111111111111,11,1111 (α legio„ (1111111

 

